3
2
1 0 0 0
0 2 0 0
0 0 3 0
0 0 0 0
3
1 0 0 0 0 0 8 0 4
0 2 0 0 4 0 0 1 0
0 0 3 0 0 0 2 0 0
0 0 0 4 0 3 0 7 0
2 0 0 0 5 0 6 0 0
0 0 0 0 6 0 0 0 0
0 0 2 0 7 0 0 3 0
7 0 0 0 8 0 4 0 0
3 6 5 0 9 0 0 0 1
2
0 0 0 0
0 0 0 0
0 0 0 0
0 0 0 0
3
1 0 0 0 2 0 0 0 4
0 2 0 0 0 8 0 1 0
0 0 3 0 4 0 2 0 0
0 0 0 4 0 3 0 0 0
0 1 0 0 5 0 0 4 0
0 0 0 7 6 9 0 0 0
0 0 6 0 7 0 8 0 0
0 9 0 0 8 0 0 7 0
8 0 7 0 9 0 0 0 6

3
0 0 0 0 0 0 0 0 0
0 0 0 6 0 0 0 0 3
0 7 4 0 8 0 0 0 0
0 0 0 0 0 3 0 0 2
0 8 0 0 2 0 0 1 0
6 0 0 5 0 0 0 0 0
0 0 0 0 1 0 7 8 0
5 0 0 0 0 9 0 0 0
0 0 0 0 0 0 0 4 0
3
0 0 0 0 0 0 0 9 0
1 9 0 4 7 0 6 0 8
0 5 2 8 1 9 4 0 7
2 0 0 0 4 8 0 0 0
0 0 9 0 0 0 5 0 0
0 0 0 7 5 0 0 0 9
9 0 7 3 6 4 1 8 0
5 0 6 0 8 1 0 7 4
0 8 0 0 0 0 0 0 0
3
5 3 0 0 7 0 0 0 0
6 0 0 1 9 5 0 0 0
0 9 8 0 0 0 0 6 0 
8 0 0 0 6 0 0 0 3 
4 0 0 8 0 3 0 0 1 
7 0 0 0 2 0 0 0 6 
0 6 0 0 0 0 2 8 0 
0 0 0 4 1 9 0 0 5 
0 0 0 0 8 0 0 7 9

